1000 63
773 321
52 173
44 347
752 618
317 519
536 113
514 623
698 301
235 480
502 453
912 300
964 975
851 443
871 437
478 339
171 731
881 265
963 779
128 651
236 439
942 485
457 904
105 198
698 82
47 472
349 433
751 418
413 464
706 453
728 177
371 816
529 376
312 854
521 96
858 253
65 27
897 231
81 601
987 485
867 915
700 761
152 537
192 934
952 717
855 259
58 560
707 623
801 969
307 943
743 120
859 784
899 314
211 668
607 282
998 183
735 516
745 553
394 694
347 621
539 362
850 690
743 20
880 574
448 98
483 41
343 549
60 247
276 268
442 540
652 680
732 164
810 358
592 330
786 820
406 41
352 150
968 198
957 348
950 170
876 744
491 721
978 689
816 61
14 229
371 845
670 43
257 330
818 845
757 571
644 8
708 818
208 131
792 359
821 407
392 694
701 737
667 407
942 70
979 996
463 259
480 868
346 944
489 886
844 271
885 923
138 144
33 385
103 943
289 55
300 136
272 811
407 357
569 719
796 154
592 407
708 306
753 901
821 496
570 355
865 621
860 726
176 526
780 755
321 20
944 729
345 506
429 857
558 720
429 889
902 825
708 402
385 243
271 321
721 222
119 409
891 874
423 3
440 457
282 592
384 427
68 946
127 185
994 460
54 907
827 761
260 146
367 16
640 256
775 21
24 447
686 316
785 825
586 32
381 789
791 231
168 882
616 878
763 334
123 935
606 72
897 546
895 380
382 261
715 505
707 264
416 847
1000 158
3 424
948 854
139 604
85 587
420 887
336 105
552 921
46 885
244 488
414 513
117 574
13 126
842 546
595 945
784 879
666 459
502 432
582 583
143 54
583 276
405 733
547 632
561 629
36 29
226 275
285 649
443 233
788 611
797 562
853 324
813 284
377 637
621 734
531 997
201 242
657 608
735 122
541 815
995 134
391 87
74 328
251 414
37 188
263 209
342 556
69 809
730 716
270 187
789 331
557 873
635 104
105 422
857 75
715 781
515 245
397 995
763 386
768 162
794 537
350 848
487 909
403 780
525 999
38 689
793 325
573 670
197 575
411 673
156 289
493 129
563 268
894 439
838 966
802 605
10 412
465 285
238 929
526 57
308 43
631 887
354 279
135 916
823 863
590 718
49 927
503 7
779 672
904 79
106 316
371 206
182 496
884 709
841 959
201 678
974 83
213 613
134 123
776 896
497 770
249 739
5 895
669 581
234 910
203 659
341 786
216 826
684 507
611 362
255 981
233 313
81 491
262 64
831 448
777 238
469 802
511 622
719 808
6 165
754 124
627 377
495 508
205 810
517 988
787 273
593 494
454 561
370 239
91 445
178 557
103 468
654 963
683 77
357 369
153 399
45 402
882 95
713 387
543 534
981 778
664 584
798 236
901 466
923 61
1000 306
497 716
35 708
264 916
777 132
191 118
521 379
56 538
101 182
196 319
430 398
278 15
574 379
84 382
856 134
593 746
940 436
101 247
455 819
643 430
19 829
587 324
606 288
167 712
408 128
33 126
402 983
2 470
992 703
215 957
261 703
693 458
141 971
685 947
408 176
767 814
508 747
20 752
262 528
171 870
98 596
577 792
347 788
160 77
435 36
269 653
515 531
836 849
846 559
74 124
468 209
502 900
642 533
409 331
617 415
648 223
509 137
667 863
459 901
547 258
1 263
541 71
364 801
358 204
32 673
489 194
759 664
88 879
504 242
633 147
539 767
686 553
354 199
449 568
533 435
477 665
434 757
954 623
842 951
160 928
315 567
99 634
808 463
726 817
23 612
770 62
805 446
78 549
469 563
364 883
298 176
722 394
447 838
989 721
465 252
123 682
671 663
80 907
594 730
388 320
300 720
765 683
117 274
214 224
248 430
479 51
911 866
333 389
37 717
592 761
121 148
338 811
669 683
525 437
764 839
891 524
59 625
710 403
28 865
393 323
110 665
937 864
592 479
26 970
535 960
892 741
973 131
293 515
522 40
809 769
415 197
980 880
690 191
643 523
906 834
966 50
551 725
243 395
452 942
17 957
936 970
349 386
478 417
598 914
92 862
914 307
170 744
417 76
600 822
169 645
149 41
203 937
499 481
303 63
908 828
624 340
575 11
462 483
360 18
67 704
283 577
851 400
361 990
623 274
522 200
668 588
402 836
21 548
773 848
312 166
295 337
834 942
413 241
473 733
624 265
781 401
232 234
739 844
66 344
292 523
283 228
748 61
445 835
683 186
174 187
506 835
609 753
742 734
744 600
461 800
542 426
940 30
599 974
675 137
237 388
852 640
474 607
820 145
645 82
302 17
569 588
820 942
922 397
31 576
199 700
787 790
132 197
189 63
674 782
988 381
832 642
373 248
317 180
545 921
776 490
144 709
571 229
389 782
803 48
427 77
39 872
287 969
736 750
798 305
401 162
564 662
877 55
658 50
815 858
746 93
684 217
467 609
990 649
913 222
705 155
661 536
115 374
443 154
707 671
861 912
638 481
867 760
467 617
111 363
169 510
144 657
443 238
643 622
42 727
856 607
633 181
917 4
30 147
322 368
329 157
375 475
898 49
985 237
476 520
615 389
467 691
88 102
869 83
444 25
172 385
479 179
662 422
924 353
845 161
4 692
647 847
830 278
941 762
161 649
153 38
862 979
16 890
800 749
124 635
919 136
151 998
826 368
688 421
993 118
65 799
254 451
535 205
859 376
110 444
192 141
119 805
615 932
892 766
250 122
790 183
642 821
608 4
679 452
701 143
240 783
318 804
764 527
592 528
73 829
915 482
883 112
250 111
914 931
392 294
634 687
619 302
137 713
809 673
656 186
332 212
213 23
968 352
875 51
732 538
904 394
246 401
971 686
120 843
714 442
936 22
290 9
491 603
206 259
230 614
695 327
608 152
163 977
340 786
972 947
651 580
393 755
307 379
193 772
41 207
500 926
56 108
332 959
91 519
532 984
738 133
57 900
58 305
241 66
160 585
135 396
241 185
154 109
590 464
273 272
639 675
697 254
507 310
146 975
216 251
450 172
799 413
956 433
812 400
489 10
940 326
782 563
866 267
223 327
370 902
910 852
451 668
214 492
39 109
31 939
530 975
35 249
953 638
159 860
795 765
73 677
321 428
360 256
760 945
356 927
581 702
837 899
64 383
602 80
619 701
112 492
565 756
296 229
977 577
246 438
793 802
372 309
76 674
104 258
86 556
870 306
106 144
321 512
404 99
755 570
68 747
804 529
245 636
982 891
408 774
729 774
708 926
878 405
113 299
723 962
903 572
723 109
856 377
439 221
743 94
964 924
422 553
472 991
694 927
655 629
864 804
935 174
319 387
156 45
893 78
660 228
993 778
502 532
378 257
372 627
586 487
609 445
992 355
71 130
341 685
737 284
888 610
604 803
471 151
22 450
500 824
790 933
728 345
89 547
699 443
149 545
348 691
863 505
696 513
631 681
986 125
612 497
641 343
194 602
175 873
374 614
833 766
15 616
564 86
366 884
597 930
112 219
366 840
85 188
40 18
955 728
181 269
539 807
738 791
660 407
335 340
620 471
425 60
484 266
124 727
125 696
107 258
594 704
290 167
353 905
423 747
100 903
291 566
831 139
888 155
874 5
558 984
762 7
53 176
337 567
648 628
337 45
89 869
193 576
226 392
208 184
647 518
84 240
659 939
145 965
973 950
418 462
876 444
683 458
624 730
277 965
958 723
837 297
659 620
621 676
320 124
365 841
8 972
555 655
542 114
415 771
579 528
676 129
961 839
535 220
301 20
456 420
83 678
918 175
59 144
545 562
218 138
164 514
920 484
224 236
349 709
527 220
710 711
301 630
266 210
551 506
565 501
559 925
796 501
295 52
636 228
239 296
682 846
636 982
903 146
409 548
849 646
398 126
832 68
852 402
265 983
965 446
12 705
255 470
179 253
158 516
121 700
92 604
889 225
610 827
960 140
365 210
270 431
967 905
28 286
687 178
116 395
896 908
627 635
287 626
446 868
157 940
680 443
806 411
391 351
69 490
948 749
112 455
694 580
687 775
195 833
934 731
585 380
954 850
610 486
425 932
227 235
6 129
303 29
658 108
423 576
996 421
830 520
298 97
837 630
712 735
889 402
166 509
796 419
114 941
978 513
544 935
989 618
875 142
1000 598
540 572
202 955
280 87
19 925
310 309
597 812
367 688
520 546
477 481
670 661
14 599
288 24
392 406
163 34
212 289
884 866
115 461
153 286
36 93
419 281
95 44
750 392
952 716
938 369
498 544
227 724
476 232
297 590
994 741
410 26
615 313
472 336
659 535
949 92
552 291
7 913
711 343
460 919
512 740
401 568
338 817
486 589
997 190
991 441
401 451
387 554
632 654
20 638
12 454
893 491
848 573
191 550
609 244
578 314
184 482
440 69
736 823
475 987
707 456
976 108
90 918
530 499
142 949
650 504
694 450
758 343
390 758
58 144
87 322
871 848
591 373
495 518
221 865
534 611
311 699
664 400
695 944
196 79
436 11
100 304