2000 28
1202 1151
800 284
893 1376
1130 934
632 1134
729 1219
1280 739
1168 1557
1631 1737
1670 978
1691 1118
1980 1523
348 605
1635 1971
1843 1969
315 645
894 1183
1885 1698
1923 1527
369 1174
177 1125
1031 240
1754 1030
693 1299
1388 1770
1468 330
1713 329
111 509
1373 1070
522 1304
1368 1137
1076 1369
781 705
1793 1117
566 111
156 920
1016 112
567 1858
1894 717
438 338
688 828
554 663
1661 1105
985 1161
835 1658
531 1437
1146 1390
428 1303
1237 1802
1226 714
737 55
171 1060
1100 1138
5 1718
1297 31
50 558
1470 426
1783 344
1147 1776
295 27
750 1568
439 1186
613 1678
1152 1345
1222 82
1904 1737
1385 466
1127 21
1319 1378
402 861
44 1366
138 892
31 1078
1189 1240
1173 938
1927 1300
571 29
1044 1119
1753 873
1395 802
1264 216
1238 36
155 574
1979 1769
1577 1538
205 1290
1391 1631
967 1642
1332 1694
268 642
947 1571
754 810
797 1908
1102 435
251 633
1964 787
1527 1982
1062 1965
360 497
1445 1721
1443 169
881 92
1450 1108
1495 395
740 997
840 281
1043 1715
386 501
673 1871
312 1684
1040 1772
1952 65
954 1989
409 898
626 256
51 598
838 1505
836 1904
1801 1094
358 918
1138 1796
1281 1317
142 1378
437 1200
909 965
1886 1871
1829 976
1824 1642
1397 334
93 1583
1278 1708
84 1153
594 1101
1466 1289
1609 651
1036 765
665 628
1770 390
535 976
1363 1533
1379 1996
520 338
599 247
1615 663
432 1066
549 1613
1470 848
1243 1744
1483 130
1777 1860
491 744
1192 1610
1794 625
1292 1925
1933 1374
993 580
885 911
269 1566
1126 1575
1765 1114
1953 361
1699 629
1701 845
1916 509
1473 1927
65 279
1073 1840
1401 660
1398 427
830 223
274 640
1134 1669
1250 979
867 1466
112 85
1247 44
700 1816
740 762
1684 1809
593 807
1987 507
1060 1489
827 1213
98 1283
1712 1055
816 1495
1445 1133
1360 904
1601 104
1581 1855
901 1530
1023 1829
666 690
1586 1149
395 1836
1931 678
1631 1212
1036 1178
1897 1021
1762 207
845 481
1172 283
1462 1852
1863 1273
354 1421
174 1031
101 1008
1665 503
1249 498
618 881
1947 570
316 1675
124 1092
364 540
25 1951
575 1997
1502 19
1945 1827
1142 913
1139 1169
1489 1927
1522 119
17 1589
1245 1376
1106 433
1373 1030
495 1667
1887 13
606 1800
1503 211
360 957
162 379
1942 1542
1264 1403
1367 1287
169 624
170 1311
842 1998
102 1356
346 1603
1800 791
116 1933
275 891
1570 1814
597 508
1819 1735
1005 1562
207 1447
1174 1631
915 841
1679 660
1738 3
1569 199
1096 1228
855 233
1795 860
364 307
711 182
927 313
133 386
1094 457
140 378
1349 804
250 1604
940 582
68 1425
1810 1046
316 1578
1991 273
1880 1734
1400 1372
1930 1308
853 1350
439 728
291 730
1532 1134
235 542
1081 1298
2000 87
1830 1882
1741 1493
871 1471
731 576
1175 199
1764 1335
769 416
503 577
1742 1497
605 1405
992 133
1541 252
849 1939
1571 1220
303 1879
1768 872
77 1086
1194 686
1583 655
1211 678
1020 1860
546 1665
458 473
1675 868
964 1413
1293 1924
989 1940
1603 328
1908 837
1918 1703
1907 1992
852 717
905 881
1201 907
1177 1517
1623 1322
677 1525
1936 914
1474 1404
1926 90
877 1284
785 189
98 522
1485 1509
934 1315
388 1717
1736 483
1615 1333
357 20
1418 150
803 393
1196 606
1720 671
279 1310
1943 216
551 7
1686 154
1115 1894
1762 735
1431 773
257 1628
399 270
1819 1964
919 461
1472 350
155 964
984 480
843 901
1843 293
1955 1876
494 1038
1537 729
270 1743
176 441
920 292
960 1089
1814 1581
1007 939
13 1739
725 638
229 133
1095 1966
1105 1236
1223 157
1920 1116
1308 869
1882 1422
19 263
351 1919
561 1752
1928 1080
1395 966
274 1297
939 1448
1202 1203
710 1106
491 860
1306 505
535 1621
1547 48
296 1407
801 1090
929 1054
616 1424
1627 14
1582 1710
263 656
165 1814
1516 1618
1409 299
123 950
1193 1753
486 1291
926 487
694 1595
1999 546
1680 49
1045 1215
973 991
553 600
778 237
197 1469
1221 647
1078 919
453 1508
593 1309
1697 1940
174 905
1218 1902
1067 858
1697 1587
104 356
1889 1612
1572 243
1077 1800
179 907
28 1227
1048 635
537 131
913 62
1061 224
1520 1648
1801 772
1147 56
186 239
1551 557
1079 836
867 934
347 833
634 335
150 1389
1877 240
168 63
1532 1556
1717 375
398 1035
1256 288
459 684
1193 268
1023 1300
1382 1424
1823 1614
1671 34
1977 831
1005 905
1321 1705
1896 750
1846 1232
1787 1021
1235 1878
1357 1326
906 1225
685 1318
162 431
1341 1718
1651 1873
1615 124
512 1300
1924 512
1268 46
1594 64
1672 401
1479 213
1870 970
1764 1494
1456 886
1533 1491
139 1455
1980 708
680 146
1917 1372
1693 930
1960 1569
676 784
404 1038
1182 1005
961 103
1901 331
880 1204
129 589
585 441
1071 1206
454 716
1417 1323
623 813
1182 1394
141 1861
886 96
1540 1857
1750 637
501 1506
1733 1565
1397 1246
142 636
127 1122
1757 739
1071 1999
568 745
1402 372
253 1853
956 151
200 1019
1174 1992
540 1805
1899 1203
1954 228
581 23
428 1405
590 1209
1169 1460
1751 1019
1674 936
1365 900
1164 425
71 825
1790 1002
1815 524
1668 379
441 40
294 425
1686 485
738 66
1744 538
1076 537
1453 80
1822 1271
133 411
1294 1892
1833 202
1397 945
1003 672
1781 1393
759 1877
9 924
474 727
244 1806
1274 1011
1804 234
1493 771
633 821
1128 1995
515 1773
1688 1614
1086 1557
1974 394
825 845
863 940
1439 866
960 519
1832 1900
1975 172
982 1647
1383 32
796 962
413 1761
1605 906
553 1500
1047 1981
406 682
638 1632
964 1361
368 1199
793 1619
1255 464
54 333
584 595
902 1097
1661 1863
426 790
1501 560
662 116
1261 1846
233 865
989 1197
1415 707
523 631
1501 858
252 1606
931 1625
1543 1829
1918 865
1680 1607
966 1922
64 1235
734 146
69 1786
73 1544
114 22
545 43
1822 1065
687 1354
1733 849
370 756
1509 712
1099 689
27 70
601 861
80 511
1217 232
1019 255
447 741
1143 468
608 1320
29 1599
227 856
185 629
1463 1292
156 852
609 1840
1756 1277
1166 403
1104 323
897 911
728 476
987 1984
383 228
333 595
1184 989
514 1643
1761 614
1738 449
1945 1454
1633 396
214 16
1529 1592
608 568
766 1621
1173 1125
1727 1288
1420 41
591 1916
1382 1888
1088 1237
1082 1919
1749 927
572 1360
876 481
994 1611
1777 301
1550 321
1028 518
922 1384
1455 1900
1341 75
337 1743
1650 980
1266 1388
1934 11
193 448
1782 960
1270 946
1634 737
1145 1315
787 305
1120 1630
922 170
1349 472
586 422
1133 1672
53 1032
808 94
268 1329
82 1478
1336 1591
1742 596
626 701
444 986
1772 1912
851 76
1024 382
1579 1215
950 1728
765 1927
1510 791
1157 1545
736 256
1740 519
352 688
1350 945
206 1700
183 1466
1165 40
81 1957
74 123
948 1799
482 459
1491 109
1190 210
1025 1407
1451 12
369 1552
1804 652
1443 1080
778 695
727 780
1459 616
1124 1375
1174 752
1682 1450
271 1093
319 1483
414 1276
769 254
1975 1837
34 1913
789 1694
465 196
998 1546
1010 420
1549 430
449 1955
1362 236
334 222
265 1961
1487 799
1867 1508
311 472
271 1420
477 929
559 343
1990 999
1039 1276
724 1292
1673 563
1345 1298
287 487
959 894
1517 610
1585 692
693 46
1136 1774
621 373
883 1859
36 794
1790 547
765 679
1485 818
1898 1441
893 256
100 1392
1129 543
1071 621
450 702
1155 1706
520 1370
1841 1146
450 1844
721 113
789 1444
1156 838
17 1515
1251 1498
1958 1836
37 1381
1344 974
488 644
1277 327
770 435
1257 1100
1250 413
1418 1409
1856 564
1353 303
1984 899
1451 793
1084 961
1266 1793
783 1938
1269 334
1773 1954
515 1377
516 1629
834 83
1007 468
4 731
1750 547
1656 748
1305 1798
1513 1356
1261 506
1260 446
1499 837
389 1222
1014 321
1018 35
1161 719
483 564
128 92
661 511
1093 874
1307 1756
766 665
909 848
784 1067
489 598
557 1713
1375 1886
601 188
65 652
15 1683
1016 1963
367 1747
1973 975
617 1091
1286 272
1696 1053
359 653
668 376
1179 317
372 1706
1766 1657
1332 1046
535 423
445 758
289 1976
839 538
502 1639
760 465
464 1757
1588 1360
1494 529
1940 471
996 1522
1831 1936
1174 882
1037 645
123 1511
70 1244
1543 118
608 861
1890 1670
972 1484
883 625
497 62
1868 1027
459 1237
1938 932
330 1174
1113 1039
1820 1245
923 1519
912 1613
1198 458
184 117
831 872
323 1745
526 1404
272 1843
1008 148
421 363
1048 555
1975 1232
1314 600
722 860
1059 2
1431 1334
1658 381
1077 490
1767 1905
1786 1610
567 1461
1690 1698
623 1710
1321 587
1331 908
1085 376
910 1233
1475 68
1257 1779
1883 1304
800 1666
1144 1890
109 1343
578 1521
908 742
674 1850
380 81
565 282
896 121
1512 761
1115 408
1131 895
988 527
434 1693
1272 419
30 1162
1568 926
641 749
1218 559
1826 414
1287 73
594 197
1288 1254
419 313
1905 529
1669 1682
1816 814
1069 214
1241 1949
499 1099
1828 854
1664 186
141 783
421 628
1676 589
397 1425
1788 573
1191 1119
1598 412
615 1736
1247 1632
400 253
1976 602
955 1719
879 607
669 96
1714 35
1169 975
657 676
750 1345
1231 1711
753 440
1346 1230
809 622
1170 1868
75 1848
187 1501
1434 576
940 328
358 857
396 62
603 1017
1797 275
1572 1015
1977 1009
1962 1702
545 1085
1744 995
336 1137
683 1452
126 152
1216 484
1559 1325
1460 1399
1002 723
1825 398
86 29
440 1534
971 863
643 89
1439 338
209 453
1977 965
703 1659
1127 877
340 1059
1778 242
1983 524
1780 943
1863 1932
822 797
1968 211
743 401
1704 1950
1524 1156
1011 391
1884 245
340 1214
1805 9
1520 1210
953 878
1887 1928
357 322
1026 1775
405 281
1018 1369
1758 25
1281 714
1234 1823
1286 1110
1447 1798
1355 442
1187 687
1537 1676
1699 110
1812 1946
1465 1364
613 1262
1573 132
1789 1665
1135 1153
445 26
200 237
569 1198
557 445
1139 1641
661 1545
1552 588
1584 488
8 473
1677 1885
794 826
176 864
706 649
970 259
377 1103
1467 550
1833 1319
1758 775
1827 1477
58 941
532 181
490 1819
6 1148
125 213
153 1262
1929 261
1643 1419
1627 203
1637 1354
312 1646
1061 1687
1634 780
61 1687
1396 1952
1452 201
1410 1587
1620 1725
218 1323
4 1141
1057 824
182 66
612 1851
1114 1267
1382 295
1921 327
132 166
1352 385
1592 1792
1769 1274
502 1641
1476 799
1313 387
1335 1718
480 746
1053 267
669 973
1988 1224
1554 1664
1930 884
266 838
1074 609
21 650
341 748
1711 820
967 1655
204 1756
473 1458
1893 718
1671 1171
591 582
1762 374
988 1188
1090 1468
1819 1998
499 223
1854 1584
1612 308
1419 1692
305 249
1269 220
468 1446
1727 1943
1317 508
1747 1724
675 713
417 205
1385 1531
1312 399
1582 1768
1135 530
1695 1378
57 325
1685 348
1841 956
722 306
1978 320
1653 517
1039 374
775 1863
298 1963
1698 875
1403 1299
467 978
1803 1482
1902 823
1771 1122
581 1248
1961 1616
1029 1189
462 278
1576 757
285 105
1788 496
110 681
89 830
294 1150
937 374
127 346
166 372
1351 1810
1442 1102
1305 1859
389 301
310 631
1640 1336
1427 482
836 1357
1032 1176
1708 1919
1678 84
432 149
1408 658
891 581
387 1791
1003 1415
1461 933
365 607
963 619
1834 420
1994 238
1735 60
1652 1817
1869 632
774 74
1751 1624
550 1259
318 1794
1067 306
445 228
1436 1910
1957 551
639 1161
779 374
1284 1518
553 1239
407 1837
76 1457
1724 890
452 914
1189 1920
222 1191
1972 175
1242 1505
1446 1574
262 376
1586 413
1358 715
1805 50
779 1049
166 879
1986 159
190 1121
648 825
1330 1875
1054 575
757 493
479 1674
1639 117
1818 1625
1083 560
1811 226
1242 1707
1355 194
1334 536
1367 611
265 1033
1492 1671
277 817
1985 1775
431 569
864 1486
1891 948
246 137
584 700
1731 1211
307 1792
194 1354
1642 1626
82 1562
639 1432
120 1634
1478 644
345 217
1122 165
1831 1628
1496 1012
1108 1347
1073 552
645 1462
664 1788
554 1941
1258 142
1582 741
258 1909
1577 1803
1301 170
799 75
1647 526
1838 1379
1384 983
1516 1461
456 385
1551 711
355 1064
984 1727
1932 853
873 862
1183 1253
1051 1437
247 1526
544 902
1520 1139
1909 141
460 1143
1874 1371
874 1013
484 1165
941 1477
944 1713
635 588
1666 1966
1878 342
681 1433
1058 129
18 201
1316 1113
925 1794
181 1285
1353 1148
411 970
198 258
97 1430
375 1962
1209 1633
1440 291
1436 1832
1741 1361
1464 237
1895 1205
71 595
1294 1082
1397 650
756 583
1291 331
302 539
1342 833
1770 777
1916 466
808 1324
887 994
1988 815
1405 1821
131 406
1541 198
292 1617
535 1849
782 990
540 1196
1349 771
284 1932
1159 653
493 1328
828 1250
1383 1232
1518 1906
1869 559
1755 1856
1422 1854
1041 1237
807 1683
418 1732
697 705
1296 1351
1577 163
959 1649
1037 754
296 1920
527 1026
384 1949
630 586
1210 1130
1649 121
1448 1271
1295 1741
219 1921
947 1473
1965 997
434 118
475 636
1088 1469
850 1052
1897 95
688 1740
42 380
788 134
1716 1233
985 752
820 1068
1359 908
1072 776
1106 1608
744 477
60 1848
1203 99
1140 1186
1091 1329
1013 788
67 1413
139 1967
991 136
732 561
1049 722
1260 1651
1474 417
388 451
563 145
1619 847
402 1107
430 1167
690 1707
1136 1315
1774 1104
1338 113
695 1087
936 1900
427 1433
535 1670
1789 1505
280 682
309 1259
1449 418
930 1499
78 1175
897 260
463 534
159 958
760 1402
1514 1453
1531 1176
1795 278
896 568
1289 1825
1163 243
175 1249
8 1330
962 1892
1876 999
587 746
69 596
424 31
1268 774
724 325
179 597
998 1640
1606 87
437 1181
850 903
1001 1251
768 887
1 832
1461 114
811 592
475 59
95 140
810 1051
1045 1491
1546 1547
627 445
1732 819
1423 726
1000 250
1014 1872
1410 1657
164 415
1698 1402
195 554
777 1216
580 533
704 1696
614 691
1497 302
469 1812
846 1524
579 869
528 1254
1299 552
935 659
1729 1253
1128 1377
556 559
1564 1420
282 694
1839 1440
1565 436
751 495
1265 1195
135 931
1551 1026
1580 486
47 1199
1767 1421
1326 1556
1364 18
1287 392
1813 492
332 795
1207 148
1339 1069
1523 667
1488 581
1663 1954
1893 1337
506 1066
1597 125
1123 43
1262 1406
1207 1726
171 1181
1956 1791
1519 404
1294 882
1600 1548
811 620
1313 602
666 212
933 283
1858 384
402 1312
1034 1306
1392 1540
1665 539
749 1813
1143 619
513 805
818 115
241 1872
488 147
912 264
1663 1324
1093 1923
119 83
1236 1948
1752 734
99 1141
868 386
1438 180
875 1294
1638 202
154 1208
1426 1941
782 1582
1196 353
928 1940
1010 671
963 1380
180 1542
1265 1394
106 1677
1971 1879
620 1098
1163 594
1629 446
905 1737
651 1484
541 367
1022 190
1722 1197
787 697
292 871
517 1280
1644 743
1081 12
1869 656
1763 157
1962 1981
1974 1427
6 290
173 35
93 42
1459 226
1654 315
1665 983
817 15
1282 1807
1423 533
821 1576
659 668
49 1487
1359 1343
825 1109
1786 524
1062 1808
238 1863
941 1244
562 1847
48 1204
1715 464
337 754
339 1282
1536 1635
1051 3
1184 304
424 215
812 249
917 1322
573 442
410 423
470 1535
1722 504
951 1411
126 675
703 1453
699 436
1588 861
656 525
257 1526
1314 1357
1817 1548
543 1550
286 943
682 1050
248 227
75 1959
347 335
1802 1171
1070 713
1870 1703
1623 184
1567 191
1263 88
914 206
1513 1846
300 209
829 1828
311 1561
1252 846
297 1061
834 1665
1124 1700
736 525
1881 1329
403 1180
792 1667
478 157
949 673
1393 1617
221 759
79 723
1759 870
949 366
334 225
938 374
1009 1650
689 1926
1560 336
1539 533
1609 72
1722 1970
409 463
143 773
628 1716
1311 809
1594 1042
587 57
677 753
1891 1458
124 1591
1230 786
1586 952
1681 1906
1084 1367
728 1514
758 1430
604 542
577 1557
1479 822
1660 85
640 570
1028 895
637 826
1660 855
1055 969
476 149
722 660
419 907
1006 1779
1771 631
1866 1934
1020 764
974 1689
145 1507
268 1755
1842 1558
1339 1368
298 1746
1593 584
1845 1970
840 1340
678 1475
617 773
1379 520
1904 767
1109 1159
1408 10
1993 788
1973 946
839 672
1456 1722
108 727
1223 785
829 470
101 1827
778 1381
726 691
1521 30
273 1944
696 293
1701 646
1428 1931
1915 498
604 579
1596 622
816 1467
314 832
1552 1921
32 1167
569 1622
11 361
714 1202
1254 286
1200 513
798 451
1386 1885
443 46
1272 977
310 1449
574 320
1665 1063
1036 1088
362 1179
1755 1311
1429 510
1151 763
324 809
1429 1205
721 921
977 1784
1224 33
1392 1755
1213 1917
462 987
1601 1358
910 1004
763 1843
1477 1340
82 1991
1138 539
1264 1091
1160 1679
795 1983
1853 99
851 453
1208 1362
1331 548
788 1441
1618 1425
847 505
1997 1748
326 1786
254 264
1246 1920
1590 980
1476 1154
900 368
798 174
647 1205
612 196
1065 532
1636 276
1411 1518
45 1990
1481 444
1810 469
1024 1338
79 1605
1530 1880
613 1425
230 59
583 1112
484 510
667 405
153 756
1864 204
355 1844
699 1783
65 1912
1729 344
1072 534
1190 1574
1228 1995
627 1068
1622 1132
720 1760
1490 1408
947 285
1509 380
10 1589
251 1846
1668 1112
1033 362
528 958
1231 1689
649 530
585 1602
1539 164
1145 826
1022 1370
1012 239
692 815
1432 1111
1480 1414
1270 160
841 1504
907 1955
1416 953
892 880
709 1098
843 1834
733 633
1492 1275
938 382
1512 716
1416 1417
870 158
923 1035
208 935
1566 968
615 859
1390 755
559 52
521 1136
492 1166
2000 1389
1602 1598
1561 474
452 543
581 390
461 1227
1599 1020
989 592
544 1651
455 1309
844 1177
1863 1438
143 1835
590 37
1196 36
167 1338
603 993
1064 43
1279 1463
1440 859
1865 1272
1503 408
1985 1820
889 1197
1333 1507
1329 1262
1033 634
1293 1873
854 698
683 1057
1391 1994
188 1914
1041 1534
1655 1238
20 842
1879 192
39 1192
646 377
378 1830
1158 781
1968 1480
1464 51
1187 883
1327 1087
684 381
413 1903
168 195
192 178
907 592
1056 1058
572 1042
397 770
937 1590
1903 1040
1348 1510
1929 1398
407 751
932 898
1001 342
277 1600
1662 1328
1490 107
1512 122
218 561
371 78
242 130
1808 1290
408 28
1759 406
369 1323
900 468
670 1890
120 1636
355 1420
1366 1219
925 38
26 1067
630 91
1921 610
289 354
390 1996
445 170
1691 318
1529 248
224 203
1075 1164
33 448
1866 1720
644 309
244 1186
496 239
46 339
596 1879
1000 144
1809 1673
1144 288
571 803
622 1014
915 16
1173 1106
433 1630
1889 1749
790 24
453 210
995 507
1883 812
1935 1140
1120 1472
982 1091
1267 718
1502 876
277 1992
166 41
1400 1549
1098 456
541 1535
1654 1611
1346 1688
136 1644
1261 1709
702 294
1842 1626
624 885
1194 422
1371 1113
518 370
1855 1199
765 1005
1795 1805
701 161
1515 524
2 720
1604 1719
772 1811
942 1969
14 1189
1236 1302
1782 1112
1579 1293
1243 916
1234 1553
440 319
628 1785
1555 1815
884 1734
97 1911
698 1220
1036 523
141 1125
1989 440
356 1318
41 857
1856 1979
139 706
1503 1714
1681 236
1937 1123
134 1928
144 1226
1056 805
1174 152
340 806
1993 1922
888 284
596 245
1050 394
1542 674
1240 1620
1638 747
956 944
335 654
412 1
429 299
123 1692
280 704
1327 1043
1937 1553
1295 45
1712 981
1567 952
986 1155
1662 1229
1201 1690
1387 655
1351 831
30 1669
1884 1987
903 1229
1746 1217
1117 1896
1101 1342
643 1074
1969 189
827 1575
1695 1863
7 1426
104 749
1263 46
1027 1245
445 1303
1320 1504
792 193
231 1974
1325 707
918 1901
1465 762
27 1085
1435 1255
1065 1818
282 339
1374 1153
1345 392
72 1599
1551 340
1799 345
562 225
1845 549
1029 349
735 1935
1624 685
163 1214
341 1826
1838 241
641 981
558 1185
1337 366
261 536
246 1173
1180 397
269 1851
1585 1704
359 1960
81 1528
1500 884
1157 1412
161 1730
447 454
91 1118
56 329
1723 1739
1044 1862
1898 992
1972 1978
1645 741
642 554
1951 1563
1948 500